+-----+------------+------+-------+
| id  | date       | hour | count |
+-----+------------+------+-------+
|   1 | 2020-12-14 |    0 |     0 |
|   2 | 2020-12-14 |    1 |     2 |
|   3 | 2020-12-14 |    2 |     2 |
|   4 | 2020-12-14 |    3 |     0 |
|   5 | 2020-12-14 |    4 |     2 |
|   5 | 2020-12-14 |    5 |     8 |
|   6 | 2020-12-14 |    6 |    13 |
|   7 | 2020-12-14 |    7 |     4 |
|   8 | 2020-12-14 |    8 |    14 |
|  10 | 2020-12-14 |    9 |    19 |
|  11 | 2020-12-14 |   10 |     9 |
|  13 | 2020-12-14 |   11 |    12 |
|  14 | 2020-12-14 |   12 |     5 |
|  15 | 2020-12-14 |   13 |    14 |
|  16 | 2020-12-14 |   14 |    19 |
|  17 | 2020-12-14 |   15 |    10 |
|  18 | 2020-12-14 |   16 |    14 |
|  19 | 2020-12-14 |   17 |    20 |
|  20 | 2020-12-14 |   18 |    12 |
|  21 | 2020-12-14 |   19 |    24 |
|  22 | 2020-12-14 |   20 |    33 |
|  23 | 2020-12-14 |   21 |    15 |
|  24 | 2020-12-14 |   22 |    11 |
|  25 | 2020-12-14 |   23 |     5 |
|  26 | 2020-12-15 |    0 |     0 |
|  26 | 2020-12-15 |    1 |     0 |
|  26 | 2020-12-15 |    2 |     1 |
|  27 | 2020-12-15 |    3 |     2 |
|  28 | 2020-12-15 |    4 |     1 |
|  29 | 2020-12-15 |    5 |     1 |
|  29 | 2020-12-15 |    6 |     0 |
|  29 | 2020-12-15 |    7 |     0 |
|  30 | 2020-12-15 |    8 |     5 |
|  31 | 2020-12-15 |    9 |     6 |
|  32 | 2020-12-15 |   10 |     9 |
|  33 | 2020-12-15 |   11 |     7 |
|  34 | 2020-12-15 |   12 |    14 |
|  35 | 2020-12-15 |   13 |     8 |
|  36 | 2020-12-15 |   14 |    26 |
|  37 | 2020-12-15 |   15 |    24 |
|  38 | 2020-12-15 |   16 |    14 |
|  39 | 2020-12-15 |   17 |    14 |
|  40 | 2020-12-15 |   18 |    18 |
|  41 | 2020-12-15 |   19 |    19 |
|  42 | 2020-12-15 |   20 |    25 |
|  43 | 2020-12-15 |   21 |    14 |
|  44 | 2020-12-15 |   22 |     5 |
|  45 | 2020-12-15 |   23 |     9 |
|  46 | 2020-12-16 |    0 |     2 |
|  46 | 2020-12-16 |    1 |     0 |
|  47 | 2020-12-16 |    2 |     2 |
|  48 | 2020-12-16 |    3 |     1 |
|  48 | 2020-12-16 |    4 |     0 |
|  48 | 2020-12-16 |    5 |     0 |
|  49 | 2020-12-16 |    6 |     2 |
|  50 | 2020-12-16 |    7 |     4 |
|  51 | 2020-12-16 |    8 |     5 |
|  52 | 2020-12-16 |    9 |     9 |
|  53 | 2020-12-16 |   10 |    11 |
|  54 | 2020-12-16 |   11 |    10 |
|  55 | 2020-12-16 |   12 |    13 |
|  56 | 2020-12-16 |   13 |    22 |
|  57 | 2020-12-16 |   14 |     8 |
|  58 | 2020-12-16 |   15 |    22 |
|  59 | 2020-12-16 |   16 |    24 |
|  60 | 2020-12-16 |   17 |    24 |
|  61 | 2020-12-16 |   18 |    18 |
|  62 | 2020-12-16 |   19 |    19 |
|  63 | 2020-12-16 |   20 |    27 |
|  64 | 2020-12-16 |   21 |    18 |
|  65 | 2020-12-16 |   22 |     9 |
|  66 | 2020-12-16 |   23 |     3 |
|  67 | 2020-12-17 |    0 |     2 |
|  68 | 2020-12-17 |    1 |     3 |
|  69 | 2020-12-17 |    2 |     2 |
|  69 | 2020-12-17 |    3 |     0 |
|  70 | 2020-12-17 |    4 |     1 |
|  71 | 2020-12-17 |    5 |     2 |
|  72 | 2020-12-17 |    6 |     2 |
|  73 | 2020-12-17 |    7 |     2 |
|  74 | 2020-12-17 |    8 |     6 |
|  75 | 2020-12-17 |    9 |     9 |
|  76 | 2020-12-17 |   10 |    11 |
|  77 | 2020-12-17 |   11 |    12 |
|  78 | 2020-12-17 |   12 |    14 |
|  79 | 2020-12-17 |   13 |    24 |
|  80 | 2020-12-17 |   14 |    28 |
|  81 | 2020-12-17 |   15 |    30 |
|  82 | 2020-12-17 |   16 |    22 |
|  83 | 2020-12-17 |   17 |    24 |
|  84 | 2020-12-17 |   18 |    19 |
|  85 | 2020-12-17 |   19 |    24 |
|  86 | 2020-12-17 |   20 |    25 |
|  87 | 2020-12-17 |   21 |    18 |
|  88 | 2020-12-17 |   22 |    16 |
|  89 | 2020-12-17 |   23 |     4 |
|  90 | 2020-12-18 |    0 |     5 |
|  90 | 2020-12-18 |    1 |     0 |
|  91 | 2020-12-18 |    2 |     1 |
|  92 | 2020-12-18 |    3 |     1 |
|  93 | 2020-12-18 |    4 |     3 |
|  93 | 2020-12-18 |    5 |     0 |
|  94 | 2020-12-18 |    6 |     4 |
|  95 | 2020-12-18 |    7 |     3 |
|  96 | 2020-12-18 |    8 |    12 |
|  97 | 2020-12-18 |    9 |    14 |
|  98 | 2020-12-18 |   10 |     9 |
|  99 | 2020-12-18 |   11 |     9 |
| 100 | 2020-12-18 |   12 |    27 |
| 101 | 2020-12-18 |   13 |    18 |
| 102 | 2020-12-18 |   14 |    21 |
| 103 | 2020-12-18 |   15 |    15 |
| 104 | 2020-12-18 |   16 |    13 |
| 105 | 2020-12-18 |   17 |    21 |
| 106 | 2020-12-18 |   18 |    29 |
| 107 | 2020-12-18 |   19 |    43 |
| 108 | 2020-12-18 |   20 |    19 |
| 109 | 2020-12-18 |   21 |    30 |
| 110 | 2020-12-18 |   22 |    17 |
| 111 | 2020-12-18 |   23 |    12 |
| 112 | 2020-12-19 |    0 |     8 |
| 113 | 2020-12-19 |    1 |     4 |
| 114 | 2020-12-19 |    2 |     2 |
| 114 | 2020-12-19 |    3 |     0 |
| 114 | 2020-12-19 |    4 |     0 |
| 115 | 2020-12-19 |    5 |     4 |
| 116 | 2020-12-19 |    6 |     3 |
| 117 | 2020-12-19 |    7 |     3 |
| 118 | 2020-12-19 |    8 |     4 |
| 119 | 2020-12-19 |    9 |     7 |
| 120 | 2020-12-19 |   10 |    11 |
| 121 | 2020-12-19 |   11 |     9 |
| 122 | 2020-12-19 |   12 |    25 |
| 123 | 2020-12-19 |   13 |    20 |
| 124 | 2020-12-19 |   14 |    27 |
| 125 | 2020-12-19 |   15 |    20 |
| 126 | 2020-12-19 |   16 |    22 |
| 127 | 2020-12-19 |   17 |    20 |
| 128 | 2020-12-19 |   18 |    21 |
| 129 | 2020-12-19 |   19 |    30 |
| 130 | 2020-12-19 |   20 |    58 |
| 131 | 2020-12-19 |   21 |    64 |
| 132 | 2020-12-19 |   22 |    22 |
| 133 | 2020-12-19 |   23 |    12 |
| 134 | 2020-12-20 |    0 |     6 |
| 135 | 2020-12-20 |    1 |     5 |
| 136 | 2020-12-20 |    2 |     2 |
| 136 | 2020-12-20 |    3 |     0 |
| 137 | 2020-12-20 |    4 |     1 |
| 136 | 2020-12-20 |    5 |     0 |
| 138 | 2020-12-20 |    6 |     2 |
| 139 | 2020-12-20 |    7 |     1 |
| 140 | 2020-12-20 |    8 |     5 |
| 141 | 2020-12-20 |    9 |    11 |
| 142 | 2020-12-20 |   10 |    14 |
| 143 | 2020-12-20 |   11 |    20 |
| 144 | 2020-12-20 |   12 |    13 |
| 145 | 2020-12-20 |   13 |    21 |
| 146 | 2020-12-20 |   14 |    17 |
| 147 | 2020-12-20 |   15 |    25 |
| 148 | 2020-12-20 |   16 |    19 |
| 149 | 2020-12-20 |   17 |    11 |
| 150 | 2020-12-20 |   18 |    15 |
| 151 | 2020-12-20 |   19 |    26 |
| 152 | 2020-12-20 |   20 |    27 |
| 153 | 2020-12-20 |   21 |    22 |
| 154 | 2020-12-20 |   22 |     6 |
| 155 | 2020-12-20 |   23 |    10 |
| 156 | 2020-12-21 |    0 |     1 |
| 157 | 2020-12-21 |    1 |     4 |
| 157 | 2020-12-21 |    2 |     0 |
| 158 | 2020-12-21 |    3 |     1 |
| 159 | 2020-12-21 |    4 |     2 |
| 160 | 2020-12-21 |    5 |     1 |
| 161 | 2020-12-21 |    6 |     2 |
| 161 | 2020-12-21 |    7 |     0 |
| 162 | 2020-12-21 |    8 |     5 |
| 163 | 2020-12-21 |    9 |    11 |
| 164 | 2020-12-21 |   10 |    15 |
| 165 | 2020-12-21 |   11 |    20 |
| 166 | 2020-12-21 |   12 |    25 |
| 167 | 2020-12-21 |   13 |    33 |
| 168 | 2020-12-21 |   14 |    25 |
| 169 | 2020-12-21 |   15 |    23 |
| 170 | 2020-12-21 |   16 |    21 |
| 171 | 2020-12-21 |   17 |    32 |
| 172 | 2020-12-21 |   18 |    26 |
| 173 | 2020-12-21 |   19 |    32 |
| 174 | 2020-12-21 |   20 |    35 |
| 175 | 2020-12-21 |   21 |    28 |
| 176 | 2020-12-21 |   22 |    22 |
| 177 | 2020-12-21 |   23 |    10 |
| 178 | 2020-12-22 |    0 |     5 |
| 179 | 2020-12-22 |    1 |     5 |
| 180 | 2020-12-22 |    2 |     2 |
| 181 | 2020-12-22 |    3 |     2 |
| 182 | 2020-12-22 |    4 |     2 |
| 182 | 2020-12-22 |    5 |     0 |
| 183 | 2020-12-22 |    6 |     1 |
| 184 | 2020-12-22 |    7 |     3 |
| 185 | 2020-12-22 |    8 |     7 |
| 186 | 2020-12-22 |    9 |     9 |
| 187 | 2020-12-22 |   10 |    14 |
| 188 | 2020-12-22 |   11 |    20 |
| 189 | 2020-12-22 |   12 |    27 |
| 190 | 2020-12-22 |   13 |    22 |
| 191 | 2020-12-22 |   14 |    37 |
| 192 | 2020-12-22 |   15 |    37 |
| 193 | 2020-12-22 |   16 |    34 |
| 194 | 2020-12-22 |   17 |    43 |
| 195 | 2020-12-22 |   18 |    38 |
| 196 | 2020-12-22 |   19 |    42 |
| 197 | 2020-12-22 |   20 |    64 |
| 198 | 2020-12-22 |   21 |    53 |
| 199 | 2020-12-22 |   22 |    25 |
| 200 | 2020-12-22 |   23 |    13 |
| 201 | 2020-12-23 |    0 |     7 |
| 202 | 2020-12-23 |    1 |     4 |
| 203 | 2020-12-23 |    2 |     3 |
| 204 | 2020-12-23 |    3 |     2 |
| 205 | 2020-12-23 |    4 |     2 |
| 206 | 2020-12-23 |    5 |     3 |
| 207 | 2020-12-23 |    6 |     2 |
| 208 | 2020-12-23 |    7 |     4 |
| 209 | 2020-12-23 |    8 |    10 |
| 210 | 2020-12-23 |    9 |    17 |
| 211 | 2020-12-23 |   10 |     8 |
| 212 | 2020-12-23 |   11 |    23 |
| 213 | 2020-12-23 |   12 |    35 |
| 214 | 2020-12-23 |   13 |    30 |
| 215 | 2020-12-23 |   14 |    37 |
| 216 | 2020-12-23 |   15 |    29 |
| 217 | 2020-12-23 |   16 |    28 |
| 218 | 2020-12-23 |   17 |    29 |
| 219 | 2020-12-23 |   18 |    20 |
| 220 | 2020-12-23 |   19 |    38 |
| 221 | 2020-12-23 |   20 |    39 |
| 222 | 2020-12-23 |   21 |    40 |
| 223 | 2020-12-23 |   22 |    45 |
| 224 | 2020-12-23 |   23 |    13 |
| 225 | 2020-12-24 |    0 |     6 |
| 227 | 2020-12-24 |    1 |     4 |
| 228 | 2020-12-24 |    2 |     5 |
| 229 | 2020-12-24 |    3 |     4 |
| 230 | 2020-12-24 |    4 |     2 |
| 231 | 2020-12-24 |    5 |     1 |
| 232 | 2020-12-24 |    6 |     1 |
| 233 | 2020-12-24 |    7 |     1 |
| 234 | 2020-12-24 |    8 |     7 |
| 235 | 2020-12-24 |    9 |     7 |
| 236 | 2020-12-24 |   10 |    26 |
| 237 | 2020-12-24 |   11 |    27 |
| 238 | 2020-12-24 |   12 |    22 |
| 239 | 2020-12-24 |   13 |    27 |
| 240 | 2020-12-24 |   14 |    16 |
| 241 | 2020-12-24 |   15 |    15 |
| 242 | 2020-12-24 |   16 |    17 |
| 243 | 2020-12-24 |   17 |    11 |
| 244 | 2020-12-24 |   18 |     9 |
| 245 | 2020-12-24 |   19 |    13 |
| 246 | 2020-12-24 |   20 |    27 |
| 247 | 2020-12-24 |   21 |    30 |
| 248 | 2020-12-24 |   22 |    33 |
| 249 | 2020-12-24 |   23 |    17 |
| 250 | 2020-12-25 |    0 |    10 |
| 251 | 2020-12-25 |    1 |     7 |
| 252 | 2020-12-25 |    2 |     2 |
| 253 | 2020-12-25 |    3 |     1 |
| 254 | 2020-12-25 |    4 |     1 |
| 255 | 2020-12-25 |    5 |     1 |
| 256 | 2020-12-25 |    6 |     1 |
| 257 | 2020-12-25 |    7 |     3 |
| 258 | 2020-12-25 |    8 |     5 |
| 259 | 2020-12-25 |    9 |    16 |
| 260 | 2020-12-25 |   10 |    19 |
| 261 | 2020-12-25 |   11 |    23 |
| 262 | 2020-12-25 |   12 |    22 |
| 263 | 2020-12-25 |   13 |    30 |
| 264 | 2020-12-25 |   14 |    31 |
| 265 | 2020-12-25 |   15 |    22 |
| 266 | 2020-12-25 |   16 |    21 |
| 267 | 2020-12-25 |   17 |    25 |
| 268 | 2020-12-25 |   18 |    23 |
| 269 | 2020-12-25 |   19 |    25 |
| 270 | 2020-12-25 |   20 |    29 |
| 271 | 2020-12-25 |   21 |    20 |
| 272 | 2020-12-25 |   22 |    28 |
| 273 | 2020-12-25 |   23 |    19 |
| 274 | 2020-12-26 |    0 |     6 |
| 275 | 2020-12-26 |    1 |     9 |
| 276 | 2020-12-26 |    2 |     3 |
| 277 | 2020-12-26 |    3 |     1 |
| 278 | 2020-12-26 |    4 |     1 |
| 278 | 2020-12-26 |    5 |     0 |
| 279 | 2020-12-26 |    6 |     1 |
| 280 | 2020-12-26 |    7 |     2 |
| 281 | 2020-12-26 |    8 |     6 |
| 282 | 2020-12-26 |    9 |     8 |
| 283 | 2020-12-26 |   10 |    16 |
| 284 | 2020-12-26 |   11 |    30 |
| 285 | 2020-12-26 |   12 |    27 |
| 286 | 2020-12-26 |   13 |    34 |
| 287 | 2020-12-26 |   14 |    32 |
| 288 | 2020-12-26 |   15 |    41 |
| 289 | 2020-12-26 |   16 |    24 |
| 290 | 2020-12-26 |   17 |    23 |
| 291 | 2020-12-26 |   18 |    33 |
| 292 | 2020-12-26 |   19 |    36 |
| 293 | 2020-12-26 |   20 |    38 |
| 294 | 2020-12-26 |   21 |    39 |
| 295 | 2020-12-26 |   22 |    23 |
| 296 | 2020-12-26 |   23 |    17 |
| 297 | 2020-12-27 |    0 |     6 |
| 298 | 2020-12-27 |    1 |     2 |
| 298 | 2020-12-27 |    2 |     0 |
| 299 | 2020-12-27 |    3 |     1 |
| 298 | 2020-12-27 |    4 |     0 |
| 300 | 2020-12-27 |    5 |     1 |
| 301 | 2020-12-27 |    6 |     1 |
| 302 | 2020-12-27 |    7 |     5 |
| 303 | 2020-12-27 |    8 |     4 |
| 304 | 2020-12-27 |    9 |     6 |
| 305 | 2020-12-27 |   10 |    19 |
| 306 | 2020-12-27 |   11 |    22 |
| 307 | 2020-12-27 |   12 |    34 |
| 308 | 2020-12-27 |   13 |    36 |
| 309 | 2020-12-27 |   14 |    34 |
| 310 | 2020-12-27 |   15 |    32 |
| 311 | 2020-12-27 |   16 |    25 |
| 312 | 2020-12-27 |   17 |    29 |
| 313 | 2020-12-27 |   18 |    17 |
| 314 | 2020-12-27 |   19 |    34 |
| 315 | 2020-12-27 |   20 |    58 |
| 316 | 2020-12-27 |   21 |    44 |
| 317 | 2020-12-27 |   22 |    27 |
| 318 | 2020-12-27 |   23 |    22 |
| 319 | 2020-12-28 |    0 |     8 |
| 320 | 2020-12-28 |    1 |     6 |
| 321 | 2020-12-28 |    2 |     2 |
| 322 | 2020-12-28 |    3 |     2 |
| 323 | 2020-12-28 |    4 |     6 |
| 323 | 2020-12-28 |    5 |     0 |
| 324 | 2020-12-28 |    6 |     2 |
| 325 | 2020-12-28 |    7 |     3 |
| 326 | 2020-12-28 |    8 |     6 |
| 327 | 2020-12-28 |    9 |    26 |
| 328 | 2020-12-28 |   10 |    24 |
| 329 | 2020-12-28 |   11 |    19 |
| 330 | 2020-12-28 |   12 |    30 |
| 331 | 2020-12-28 |   13 |    63 |
| 332 | 2020-12-28 |   14 |    44 |
| 333 | 2020-12-28 |   15 |    53 |
| 334 | 2020-12-28 |   16 |    54 |
| 335 | 2020-12-28 |   17 |    49 |
| 336 | 2020-12-28 |   18 |    54 |
| 337 | 2020-12-28 |   19 |    61 |
| 338 | 2020-12-28 |   20 |    72 |
| 339 | 2020-12-28 |   21 |    63 |
| 340 | 2020-12-28 |   22 |    49 |
| 341 | 2020-12-28 |   23 |    20 |
| 342 | 2020-12-29 |    0 |     9 |
| 343 | 2020-12-29 |    1 |     2 |
| 344 | 2020-12-29 |    2 |     5 |
| 345 | 2020-12-29 |    3 |     1 |
| 346 | 2020-12-29 |    4 |     1 |
| 347 | 2020-12-29 |    5 |     2 |
| 348 | 2020-12-29 |    6 |     1 |
| 349 | 2020-12-29 |    7 |     7 |
| 351 | 2020-12-29 |    8 |     5 |
| 352 | 2020-12-29 |    9 |    15 |
| 353 | 2020-12-29 |   10 |    25 |
| 354 | 2020-12-29 |   11 |    37 |
| 355 | 2020-12-29 |   12 |    47 |
| 356 | 2020-12-29 |   13 |    62 |
| 357 | 2020-12-29 |   14 |    60 |
| 358 | 2020-12-29 |   15 |    54 |
| 359 | 2020-12-29 |   16 |    58 |
| 360 | 2020-12-29 |   17 |    65 |
| 361 | 2020-12-29 |   18 |    59 |
| 362 | 2020-12-29 |   19 |    77 |
| 363 | 2020-12-29 |   20 |    83 |
| 364 | 2020-12-29 |   21 |    84 |
| 365 | 2020-12-29 |   22 |    40 |
| 366 | 2020-12-29 |   23 |    32 |
| 367 | 2020-12-30 |    0 |    18 |
| 368 | 2020-12-30 |    1 |     4 |
| 369 | 2020-12-30 |    2 |     9 |
| 370 | 2020-12-30 |    3 |     4 |
| 371 | 2020-12-30 |    4 |     3 |
| 372 | 2020-12-30 |    5 |     2 |
| 373 | 2020-12-30 |    6 |     4 |
| 374 | 2020-12-30 |    7 |     2 |
| 375 | 2020-12-30 |    8 |    10 |
| 376 | 2020-12-30 |    9 |    17 |
| 377 | 2020-12-30 |   10 |    40 |
| 378 | 2020-12-30 |   11 |    41 |
| 379 | 2020-12-30 |   12 |    53 |
| 380 | 2020-12-30 |   13 |    49 |
| 381 | 2020-12-30 |   14 |    68 |
| 382 | 2020-12-30 |   15 |    62 |
| 383 | 2020-12-30 |   16 |    57 |
| 384 | 2020-12-30 |   17 |    73 |
| 385 | 2020-12-30 |   18 |    73 |
| 386 | 2020-12-30 |   19 |   106 |
| 387 | 2020-12-30 |   20 |    81 |
| 388 | 2020-12-30 |   21 |    73 |
| 389 | 2020-12-30 |   22 |    52 |
| 390 | 2020-12-30 |   23 |    33 |
| 391 | 2020-12-31 |    0 |    15 |
| 392 | 2020-12-31 |    1 |    10 |
| 393 | 2020-12-31 |    2 |     1 |
| 393 | 2020-12-31 |    3 |     0 |
| 393 | 2020-12-31 |    4 |     0 |
| 394 | 2020-12-31 |    5 |     1 |
| 395 | 2020-12-31 |    6 |     3 |
| 396 | 2020-12-31 |    7 |     1 |
| 397 | 2020-12-31 |    8 |    10 |
| 398 | 2020-12-31 |    9 |    26 |
| 399 | 2020-12-31 |   10 |    40 |
| 400 | 2020-12-31 |   11 |    45 |
| 401 | 2020-12-31 |   12 |    61 |
| 402 | 2020-12-31 |   13 |    87 |
| 403 | 2020-12-31 |   14 |    72 |
| 404 | 2020-12-31 |   15 |    52 |
| 405 | 2020-12-31 |   16 |    50 |
| 406 | 2020-12-31 |   17 |    34 |
| 407 | 2020-12-31 |   18 |    41 |
| 408 | 2020-12-31 |   19 |    31 |
| 409 | 2020-12-31 |   20 |    50 |
| 410 | 2020-12-31 |   21 |    67 |
| 411 | 2020-12-31 |   22 |    66 |
| 412 | 2020-12-31 |   23 |    48 |
| 413 | 2021-01-01 |    0 |    30 |
| 414 | 2021-01-01 |    1 |    18 |
| 415 | 2021-01-01 |    2 |    14 |
| 416 | 2021-01-01 |    3 |     5 |
| 417 | 2021-01-01 |    4 |     1 |
| 417 | 2021-01-01 |    5 |     0 |
| 418 | 2021-01-01 |    6 |     1 |
| 419 | 2021-01-01 |    7 |     2 |
| 420 | 2021-01-01 |    8 |     6 |
| 421 | 2021-01-01 |    9 |    26 |
| 422 | 2021-01-01 |   10 |    28 |
| 423 | 2021-01-01 |   11 |    40 |
| 424 | 2021-01-01 |   12 |    70 |
| 425 | 2021-01-01 |   13 |    66 |
| 426 | 2021-01-01 |   14 |    77 |
| 427 | 2021-01-01 |   15 |    57 |
| 428 | 2021-01-01 |   16 |    51 |
| 429 | 2021-01-01 |   17 |    48 |
| 430 | 2021-01-01 |   18 |    77 |
| 431 | 2021-01-01 |   19 |    77 |
| 432 | 2021-01-01 |   20 |    98 |
| 433 | 2021-01-01 |   21 |   102 |
| 434 | 2021-01-01 |   22 |    65 |
| 435 | 2021-01-01 |   23 |    24 |
| 436 | 2021-01-02 |    0 |    14 |
| 437 | 2021-01-02 |    1 |    11 |
| 438 | 2021-01-02 |    2 |     6 |
| 439 | 2021-01-02 |    3 |     1 |
| 440 | 2021-01-02 |    4 |     4 |
| 441 | 2021-01-02 |    5 |     1 |
| 442 | 2021-01-02 |    6 |     2 |
| 443 | 2021-01-02 |    7 |     5 |
| 444 | 2021-01-02 |    8 |     6 |
| 445 | 2021-01-02 |    9 |    32 |
| 446 | 2021-01-02 |   10 |    53 |
| 447 | 2021-01-02 |   11 |    54 |
| 448 | 2021-01-02 |   12 |    75 |
| 449 | 2021-01-02 |   13 |    87 |
| 450 | 2021-01-02 |   14 |   100 |
| 451 | 2021-01-02 |   15 |    84 |
| 452 | 2021-01-02 |   16 |   103 |
| 453 | 2021-01-02 |   17 |   111 |
| 454 | 2021-01-02 |   18 |   117 |
| 455 | 2021-01-02 |   19 |   131 |
| 456 | 2021-01-02 |   20 |   148 |
| 457 | 2021-01-02 |   21 |   140 |
| 458 | 2021-01-02 |   22 |    95 |
| 459 | 2021-01-02 |   23 |    54 |
| 460 | 2021-01-03 |    0 |    23 |
| 461 | 2021-01-03 |    1 |    13 |
| 462 | 2021-01-03 |    2 |    14 |
| 463 | 2021-01-03 |    3 |     4 |
| 464 | 2021-01-03 |    4 |     2 |
| 464 | 2021-01-03 |    5 |     0 |
| 465 | 2021-01-03 |    6 |     1 |
| 466 | 2021-01-03 |    7 |     3 |
| 467 | 2021-01-03 |    8 |    15 |
| 468 | 2021-01-03 |    9 |    28 |
| 469 | 2021-01-03 |   10 |    52 |
| 470 | 2021-01-03 |   11 |    76 |
| 471 | 2021-01-03 |   12 |    59 |
| 472 | 2021-01-03 |   13 |    84 |
| 473 | 2021-01-03 |   14 |    88 |
| 474 | 2021-01-03 |   15 |    90 |
| 475 | 2021-01-03 |   16 |    67 |
| 476 | 2021-01-03 |   17 |    54 |
| 477 | 2021-01-03 |   18 |    65 |
| 478 | 2021-01-03 |   19 |    77 |
| 479 | 2021-01-03 |   20 |   152 |
| 480 | 2021-01-03 |   21 |   113 |
| 481 | 2021-01-03 |   22 |    55 |
| 482 | 2021-01-03 |   23 |    33 |
| 483 | 2021-01-04 |    0 |     8 |
| 484 | 2021-01-04 |    1 |     4 |
| 485 | 2021-01-04 |    2 |     3 |
| 486 | 2021-01-04 |    3 |     2 |
| 487 | 2021-01-04 |    4 |     1 |
| 488 | 2021-01-04 |    5 |     2 |
| 489 | 2021-01-04 |    6 |     3 |
| 490 | 2021-01-04 |    7 |     8 |
| 491 | 2021-01-04 |    8 |    14 |
| 492 | 2021-01-04 |    9 |    28 |
| 493 | 2021-01-04 |   10 |    59 |
| 494 | 2021-01-04 |   11 |    63 |
| 495 | 2021-01-04 |   12 |    81 |
| 496 | 2021-01-04 |   13 |    93 |
| 497 | 2021-01-04 |   14 |    79 |
| 498 | 2021-01-04 |   15 |   101 |
| 499 | 2021-01-04 |   16 |    92 |
| 500 | 2021-01-04 |   17 |   123 |
| 501 | 2021-01-04 |   18 |   115 |
| 502 | 2021-01-04 |   19 |   121 |
| 503 | 2021-01-04 |   20 |   157 |
| 504 | 2021-01-04 |   21 |   102 |
| 505 | 2021-01-04 |   22 |    81 |
| 506 | 2021-01-04 |   23 |    50 |
| 507 | 2021-01-05 |    0 |    27 |
| 508 | 2021-01-05 |    1 |    17 |
| 509 | 2021-01-05 |    2 |     6 |
| 510 | 2021-01-05 |    3 |     1 |
| 511 | 2021-01-05 |    4 |     3 |
| 512 | 2021-01-05 |    5 |     3 |
| 513 | 2021-01-05 |    6 |     2 |
| 514 | 2021-01-05 |    7 |    10 |
| 515 | 2021-01-05 |    8 |    34 |
| 516 | 2021-01-05 |    9 |    27 |
| 517 | 2021-01-05 |   10 |    39 |
| 518 | 2021-01-05 |   11 |    66 |
| 519 | 2021-01-05 |   12 |    94 |
| 520 | 2021-01-05 |   13 |   108 |
| 521 | 2021-01-05 |   14 |   103 |
| 522 | 2021-01-05 |   15 |   119 |
| 523 | 2021-01-05 |   16 |   119 |
| 524 | 2021-01-05 |   17 |   110 |
| 525 | 2021-01-05 |   18 |   126 |
| 526 | 2021-01-05 |   19 |   168 |
| 527 | 2021-01-05 |   20 |   161 |
| 528 | 2021-01-05 |   21 |   166 |
| 529 | 2021-01-05 |   22 |   117 |
| 530 | 2021-01-05 |   23 |    71 |
| 531 | 2021-01-06 |    0 |    27 |
| 532 | 2021-01-06 |    1 |    16 |
| 533 | 2021-01-06 |    2 |     8 |
| 534 | 2021-01-06 |    3 |     2 |
| 534 | 2021-01-06 |    4 |     0 |
| 534 | 2021-01-06 |    5 |     0 |
| 535 | 2021-01-06 |    6 |     6 |
| 536 | 2021-01-06 |    7 |    10 |
| 537 | 2021-01-06 |    8 |    24 |
| 538 | 2021-01-06 |    9 |    41 |
| 539 | 2021-01-06 |   10 |    63 |
| 540 | 2021-01-06 |   11 |   103 |
| 541 | 2021-01-06 |   12 |   102 |
| 542 | 2021-01-06 |   13 |   116 |
| 543 | 2021-01-06 |   14 |   130 |
| 544 | 2021-01-06 |   15 |   111 |
| 545 | 2021-01-06 |   16 |   114 |
| 546 | 2021-01-06 |   17 |   102 |
| 547 | 2021-01-06 |   18 |   110 |
| 548 | 2021-01-06 |   19 |   163 |
| 549 | 2021-01-06 |   20 |   153 |
| 550 | 2021-01-06 |   21 |   162 |
| 551 | 2021-01-06 |   22 |    88 |
| 552 | 2021-01-06 |   23 |    51 |
| 553 | 2021-01-07 |    0 |    20 |
| 554 | 2021-01-07 |    1 |    11 |
| 555 | 2021-01-07 |    2 |     6 |
| 556 | 2021-01-07 |    3 |     4 |
| 557 | 2021-01-07 |    4 |     4 |
| 558 | 2021-01-07 |    5 |     4 |
| 559 | 2021-01-07 |    6 |     8 |
| 560 | 2021-01-07 |    7 |    13 |
| 561 | 2021-01-07 |    8 |    28 |
| 562 | 2021-01-07 |    9 |    50 |
| 563 | 2021-01-07 |   10 |    57 |
| 564 | 2021-01-07 |   11 |    82 |
| 566 | 2021-01-07 |   12 |   104 |
| 567 | 2021-01-07 |   13 |   125 |
| 569 | 2021-01-07 |   14 |   116 |
| 570 | 2021-01-07 |   15 |   147 |
| 571 | 2021-01-07 |   16 |    86 |
| 572 | 2021-01-07 |   17 |   111 |
| 573 | 2021-01-07 |   18 |   113 |
| 574 | 2021-01-07 |   19 |   170 |
| 575 | 2021-01-07 |   20 |   174 |
| 576 | 2021-01-07 |   21 |   157 |
| 577 | 2021-01-07 |   22 |    99 |
| 578 | 2021-01-07 |   23 |    47 |
| 579 | 2021-01-08 |    0 |    19 |
| 580 | 2021-01-08 |    1 |    12 |
| 581 | 2021-01-08 |    2 |     7 |
| 582 | 2021-01-08 |    3 |     3 |
| 583 | 2021-01-08 |    4 |     2 |
| 584 | 2021-01-08 |    5 |     4 |
| 585 | 2021-01-08 |    6 |     5 |
| 586 | 2021-01-08 |    7 |    20 |
| 587 | 2021-01-08 |    8 |    24 |
| 588 | 2021-01-08 |    9 |    43 |
| 589 | 2021-01-08 |   10 |    79 |
| 590 | 2021-01-08 |   11 |   115 |
| 591 | 2021-01-08 |   12 |   120 |
| 592 | 2021-01-08 |   13 |   131 |
| 593 | 2021-01-08 |   14 |   145 |
| 594 | 2021-01-08 |   15 |   115 |
| 595 | 2021-01-08 |   16 |   108 |
| 596 | 2021-01-08 |   17 |   128 |
| 597 | 2021-01-08 |   18 |   150 |
| 598 | 2021-01-08 |   19 |   165 |
| 599 | 2021-01-08 |   20 |   248 |
| 600 | 2021-01-08 |   21 |   174 |
| 601 | 2021-01-08 |   22 |   101 |
| 602 | 2021-01-08 |   23 |    66 |
| 603 | 2021-01-09 |    0 |    34 |
| 604 | 2021-01-09 |    1 |    12 |
| 605 | 2021-01-09 |    2 |     5 |
| 606 | 2021-01-09 |    3 |     7 |
| 607 | 2021-01-09 |    4 |     3 |
| 608 | 2021-01-09 |    5 |     5 |
| 609 | 2021-01-09 |    6 |     5 |
| 610 | 2021-01-09 |    7 |     7 |
| 611 | 2021-01-09 |    8 |    24 |
| 612 | 2021-01-09 |    9 |    75 |
| 613 | 2021-01-09 |   10 |    95 |
| 614 | 2021-01-09 |   11 |   112 |
| 615 | 2021-01-09 |   12 |   178 |
| 616 | 2021-01-09 |   13 |   171 |
| 617 | 2021-01-09 |   14 |   172 |
| 618 | 2021-01-09 |   15 |   182 |
| 619 | 2021-01-09 |   16 |   189 |
| 620 | 2021-01-09 |   17 |   156 |
| 621 | 2021-01-09 |   18 |   184 |
| 622 | 2021-01-09 |   19 |   208 |
| 623 | 2021-01-09 |   20 |   268 |
| 624 | 2021-01-09 |   21 |   252 |
| 625 | 2021-01-09 |   22 |   171 |
| 626 | 2021-01-09 |   23 |    84 |
| 627 | 2021-01-10 |    0 |    45 |
| 628 | 2021-01-10 |    1 |    21 |
| 629 | 2021-01-10 |    2 |    15 |
| 630 | 2021-01-10 |    3 |     1 |
| 631 | 2021-01-10 |    4 |     1 |
| 632 | 2021-01-10 |    5 |     2 |
| 633 | 2021-01-10 |    6 |     5 |
| 634 | 2021-01-10 |    7 |    12 |
| 635 | 2021-01-10 |    8 |    29 |
| 636 | 2021-01-10 |    9 |    68 |
| 637 | 2021-01-10 |   10 |   112 |
| 638 | 2021-01-10 |   11 |   111 |
| 639 | 2021-01-10 |   12 |   132 |
| 640 | 2021-01-10 |   13 |   170 |
| 641 | 2021-01-10 |   14 |   178 |
| 642 | 2021-01-10 |   15 |   143 |
| 643 | 2021-01-10 |   16 |   138 |
| 644 | 2021-01-10 |   17 |   126 |
| 645 | 2021-01-10 |   18 |   137 |
| 646 | 2021-01-10 |   19 |   149 |
| 647 | 2021-01-10 |   20 |   178 |
| 648 | 2021-01-10 |   21 |   175 |
| 649 | 2021-01-10 |   22 |    93 |
| 650 | 2021-01-10 |   23 |    46 |
| 651 | 2021-01-11 |    0 |    14 |
| 652 | 2021-01-11 |    1 |    11 |
| 653 | 2021-01-11 |    2 |     3 |
| 654 | 2021-01-11 |    3 |     4 |
| 655 | 2021-01-11 |    4 |     3 |
| 656 | 2021-01-11 |    5 |     3 |
| 657 | 2021-01-11 |    6 |    17 |
| 658 | 2021-01-11 |    7 |    21 |
| 659 | 2021-01-11 |    8 |    35 |
| 660 | 2021-01-11 |    9 |    81 |
| 661 | 2021-01-11 |   10 |    74 |
| 662 | 2021-01-11 |   11 |   108 |
| 663 | 2021-01-11 |   12 |   138 |
| 664 | 2021-01-11 |   13 |   204 |
| 665 | 2021-01-11 |   14 |   161 |
| 666 | 2021-01-11 |   15 |   144 |
| 667 | 2021-01-11 |   16 |   183 |
| 668 | 2021-01-11 |   17 |   227 |
| 669 | 2021-01-11 |   18 |   205 |
| 670 | 2021-01-11 |   19 |   273 |
| 671 | 2021-01-11 |   20 |   278 |
| 672 | 2021-01-11 |   21 |   225 |
| 674 | 2021-01-11 |   22 |   107 |
| 675 | 2021-01-11 |   23 |    67 |
+-----+------------+------+-------+

29 Tage
696 Stunden
41.760 Minuten

1400 Preise

